0 0.056640625 0.306640625 0.05859375 0.20703125
0 0.05078125 0.72265625 0.09375 0.5546875
0 0.1953125 0.326171875 0.0859375 0.29296875
0 0.212890625 0.75390625 0.12109375 0.4921875
0 0.31640625 0.2734375 0.1171875 0.2109375
0 0.34375 0.693359375 0.1484375 0.61328125
0 0.478515625 0.697265625 0.10546875 0.60546875
0 0.4921875 0.302734375 0.0703125 0.17578125
0 0.642578125 0.697265625 0.16015625 0.60546875
0 0.78125 0.619140625 0.109375 0.19921875
0 0.79296875 0.859375 0.140625 0.28125
0 0.90234375 0.173828125 0.1328125 0.33984375
0 0.94921875 0.70703125 0.1015625 0.5859375
